lat_north =  41.790745
lat_south =  41.788955
lon_west  = -71.279785
lon_east  = -71.276041

datum_lat =  41.789850
datum_lon = -71.277913
