polygon = -9.71912,-0.555748:-9.58223,-0.926247:-9.17157,-2.59349:-8.89779,-4.26073:-8.89779,-4.81648:-8.62401,-5.55748:-7.11823,-4.81648:-6.57068,-4.44598:-5.33868,-6.11323:-2.32712,-10.1887:-1.50578,-11.856:1.232,-16.4872:4.38046,-20.7479:5.33869,-23.7119:5.47558,-25.3792:5.33869,-27.0464:4.65425,-30.5661:4.24358,-32.4186:3.01157,-35.9384:2.32713,-37.6056:0.958229,-41.1253:0.27378,-42.9778:-2.60091,-49.8321:-4.79115,-55.019:-7.11829,-60.0208:-7.80274,-61.688:-8.4872,-63.3553:-9.17165,-65.2078:-10.8143,-69.6537:-10.6775,-72.6177:-10.1299,-73.544:-8.48721,-74.8407:-7.39209,-75.3965:-3.69604,-75.2112:0,-71.6915:0.547561,-68.9127:0.410671,-67.616:-1.64268,-64.0963:-5.20183,-62.429:-9.17165,-62.6143:-12.5939,-64.652:-13.5521,-65.7635:-14.7842,-68.1718:-15.0579,-69.6537:-14.5104,-73.3587:-11.9095,-75.9522:-8.48721,-77.0637:-7.2552,-76.8785:-4.92806,-75.9522:-3.83293,-75.026:-3.14848,-73.9145:-2.60092,-72.803:-2.19025,-71.321:-2.32714,-70.0242

polygon = 7,-22:-13,-72:57,-42: 7, -22
