polygon = -19,-23:-23,-36:-13,-38:12,-31:29,-18:31,-6:16,-5

polygon = -25.5982,-1.29675:-25.5982,-1.66724:-25.1876,-1.85249:-22.0391,-2.03774:-16.4267,-1.85249:-11.6356,-3.14924:-8.48713,-8.15097:-8.07646,-10.1887:-8.21336,-13.5232:-8.62403,-14.8199:-10.5405,-18.1544:-12.1832,-20.0069:-13.0045,-20.9332:-16.5636,-24.4529:-18.2063,-26.4907:-19.0276,-27.4169:-21.2179,-30.7514:-21.9023,-31.8629:-23.1344,-33.9006:-24.3664,-37.0499:-24.7771,-40.3844:-23.9557,-44.2746:-22.1762,-46.4976:-17.2481,-48.7206:-16.4268,-48.5353:-14.7841,-47.9796:-13.9628,-47.4238:-12.7308,-45.0156:-12.7308,-41.4958:-12.7308,-40.3844:-12.7307,-37.9761:-12.7307,-36.6794:-11.7725,-33.1596:-11.3618,-32.0481:-10.9512,-30.9366:-10.5405,-29.8251:-6.70758,-24.0824:-5.88625,-23.1562:-3.14846,-21.3037:0.136889,-20.5627:3.55912,-20.5627:4.79113,-20.9332:6.84447,-21.8594:9.30848,-23.7119:9.85604,-24.8234:11.0881,-27.6021:13.1414,-29.6399:13.8258,-30.1956:15.6054,-30.7514:16.5636,-30.9366:18.2063,-30.7514:19.1645,-30.5661:19.849,-30.0104:20.5334,-29.2694:21.2179,-28.5284:21.6285,-27.7874:22.1761,-25.3792:22.0392,-16.1167:21.6285,-12.2265:21.6285,-7.40997:21.9023,-4.81648:22.9974,-1.66724:23.408,-0.555748:23.8187,0.370499:25.0507,2.03774:27.3778,3.70499:28.336,4.07548:30.3893,4.44598:31.4845,4.44598:33.264,3.70499:34.0853,2.96399:34.9067,0.185249:34.3592,-2.96399:32.4427,-5.74273:31.6214,-6.48373:28.3361,-8.52147:24.6401,-10.374:10.9511,-12.9675:6.98135,-13.1527:3.96979,-12.0412:3.01156,-11.4855:1.50578,-10.0035:0.958224,-9.26247:-0.684446,-6.48373:-1.09511,-4.63123:-1.09511,-3.51974:-0.958223,-2.40824:-0.547556,-0.185249:0.958223,2.59349:1.50578,3.33449:3.696,5.55748:6.70755,6.66898:13.4151,5.74273:14.3733,5.18698:15.8791,3.51974:16.2898,2.40824:16.5636,-0.740997:15.7422,-2.77874:15.4685,-3.33449:14.9209,-4.44598:14.6471,-4.81648:13.9627,-5.74273:13.6889,-6.11323:13.4151,-6.48373:13.1414,-6.66898:12.7307,-7.03947:12.4569,-7.22472:11.3618,-9.63296:10.8142,-10.7445:10.4036,-11.4855:10.1298,-11.6707:4.79112,-7.96572:-2.05334,-3.33449:-10.5404,2.59349:-11.2249,2.96399:-12.5938,3.51974:-13.0044,3.89024:-13.1413,4.26073:-13.4151,5.00173:
