lat_north = 30.192618
lat_south = 30.116621
lon_east  = -85.671386
lon_west  = -85.748291
datum_lat = 30.12
datum_lon = -85.70
