lat_north = 30.192618
lat_south = 30.116621
lon_east  = -85.671386
lon_west  = -85.759277
datum_lat = 30.17508647
datum_lon = -85.74946797
