img_centx   = 0.364998
img_centy   = 0.374558
img_meters  = 0.0152263
