img_centx   = 0.181479
img_centy   = 0.295561
img_meters  = 0.00347403
//img_centlat = 42.5529455
//img_centlon = 10.1953130
