lat_north = 22.1059987976157
lat_south = 21.779905340423
lon_east  = -159.521484375
lon_west  = -159.873046875
datum_lat = 21.8
datum_lon = -159.8
//datum_lat = 21.942952
//datum_lon = -159.697266