img_centx   = 0.309016
img_centy   = 0.334643
img_meters  = 0.0570167

