// Newport_A15S
lat_north = 41.547900
lat_south = 41.483891 
lon_west  = -71.389160
lon_east  = -71.301269


