img_centx   = 0.7373
img_centy   = 0.722008
img_meters  = 0.01405495


