img_centx   = 0.521311
img_centy   = 0.375673
img_meters  = 0.0570167
