img_centx   = 0.405860;   
img_centy   = 0.799219;
img_meters  = 0.097656; 

