
img_centx   = 0.405860;   
img_centy   = 0.799219;
img_meters  = 0.097656; 
img_centlat = 42.3584833;
img_centlon = -71.0874167;

