datum_lat = 30.045
datum_lon = -85.716

//lat_north = 30.061056  // lat north +1800 meters
//lat_south = 30.043216  // lat south -200 meters
//lon_east  = -85.697121 // lon east  + 1800 meters
//lon_west  = -85.718097 // lon west  -200 meters


lat_north = 30.089594  // lat north +5000 meters
lat_south = 30.000384  // lat south -5000 meters
lon_east  = -85.663543 // lon east  +5000 meters
lon_west  = -85.768410 // lon west  -5000 meters




