img_centx   = 0.119996
img_centy   = 0.687654
img_meters  = 0.00761092
