

img_centx   = 0.119996
img_centy   = 1.06214
img_meters  = 0.00760123
//img_centlat = 42.35849
//img_centlon = -71.08759333
