img_centx   = 0.494997
img_centy   = 0.562616
img_meters  = 0.00760875
