img_centx   = 0.119996
img_centy   = 1.06214
img_meters  = 0.00760123
