MIT (Pavilion)
  LatOrigin  = 42.3584
  LongOrigin = -71.08745

Maine (Forrest Lake)
  LatOrigin  = 43.825300 
  LongOrigin = -70.330400 

