

img_centx   = 0.364998
img_centy   = 0.374558
img_meters  = 0.0152263
//img_centlat = 42.35849
//img_centlon = -71.08759333
