<<<<<<< .mine
img_centx   = 0.521311
img_centy   = 0.375673
img_meters  = 0.0570167
=======
img_centx   = 0.309016
img_centy   = 0.334643
img_meters  = 0.0570167

>>>>>>> .r4
