img_centx   = 0.158107
img_centy   = 0.122206
img_meters  = 0.0284866

