

img_centx   = 0.494997
img_centy   = 0.562616
img_meters  = 0.00760875
//img_centlat = 42.35849
//img_centlon = -71.08759333
