img_centx = 0.487942
img_centy = -0.285127
img_meters = 0.00695357
//img_centlat = 42.601586
//img_centlon = 10.0854495

