img_centx = 0.431472
img_centy = 0.170422
img_meters = 0.00347413
//img_centlat = 42.5853095
//img_centlon = 10.107422

