img_centx = -0.024121
img_centy = -0.820262
img_meters = 0.0139034
//img_centlat = 42.5854355
//img_centlon = 10.129395

