img_centx   = 0.385776
img_centy   = 0.334643
img_meters  = 0.0506842

