
img_centx   = 0.50  
img_centy   = 0.51
img_meters  = 0.048828
img_offset_x = 17552.0
img_offset_y = 7955.0
img_centlat = 42.35849
img_centlon = -71.08759333
